h = 0.50
x =     1.00	1.50	2.00	2.50	3.00	3.50	4.00	4.50	5.00	5.50	6.00	6.50	7.00	7.50	8.00	8.50	9.00	9.50	10.00	10.50	11.00	
y_e = 	0.00	3.00	2.25	3.50	4.45	5.48	6.60	7.80	9.08	10.45	11.90	13.43	15.05	16.75	18.53	20.40	22.35	24.38	26.50	28.70	30.98	
y_em = 	0.00	2.73	1.32	3.26	4.20	5.30	6.48	7.75	9.10	10.52	12.03	13.62	15.29	17.04	18.88	20.79	22.79	24.87	27.04	29.29	31.62	
y_ei = 	0.00	2.79	1.42	3.28	4.23	5.33	6.51	7.77	9.11	10.53	12.04	13.62	15.29	17.04	18.88	20.79	22.79	24.87	27.04	29.29	31.62	
y_rk = 	0.00	1.57	2.57	3.50	4.48	5.53	6.66	7.87	9.16	10.54	12.00	13.54	15.17	16.87	18.67	20.54	22.50	24.54	26.67	28.87	31.17	

h = 0.10
x =     1.00	1.10	1.20	1.30	1.40	1.50	1.60	1.70	1.80	1.90	2.00	2.10	2.20	2.30	2.40	2.50	2.60	2.70	2.80	2.90	3.00	3.10	3.20	3.30	3.40	3.50	3.60	3.70	3.80	3.90	4.00	4.10	4.20	4.30	4.40	4.50	4.60	4.70	4.80	4.90	5.00	5.10	5.20	5.30	5.40	5.50	5.60	5.70	5.80	5.90	6.00	6.10	6.20	6.30	6.40	6.50	6.60	6.70	6.80	6.90	7.00	7.10	7.20	7.30	7.40	7.50	7.60	7.70	7.80	7.90	8.00	8.10	8.20	8.30	8.40	8.50	8.60	8.70	8.80	8.90	9.00	9.10	9.20	9.30	9.40	9.50	9.60	9.70	9.80	9.90	10.00	10.10	10.20	10.30	10.40	10.50	10.60	10.70	10.80	10.90	11.00	
y_e = 	0.00	0.60	0.99	1.28	1.52	1.72	1.91	2.10	2.27	2.45	2.62	2.80	2.97	3.15	3.34	3.52	3.71	3.90	4.09	4.28	4.48	4.69	4.89	5.10	5.31	5.53	5.75	5.97	6.19	6.42	6.65	6.89	7.12	7.37	7.61	7.86	8.11	8.37	8.62	8.88	9.15	9.42	9.69	9.96	10.24	10.52	10.81	11.10	11.39	11.68	11.98	12.28	12.59	12.89	13.21	13.52	13.84	14.16	14.48	14.81	15.14	15.48	15.82	16.16	16.50	16.85	17.20	17.56	17.91	18.28	18.64	19.01	19.38	19.75	20.13	20.51	20.90	21.29	21.68	22.07	22.47	22.87	23.28	23.68	24.10	24.51	24.93	25.35	25.77	26.20	26.63	27.07	27.51	27.95	28.39	28.84	29.29	29.75	30.20	30.67	31.13	
y_em = 	0.00	0.59	0.95	1.21	1.43	1.63	1.81	1.99	2.17	2.34	2.52	2.70	2.88	3.06	3.25	3.44	3.63	3.82	4.02	4.22	4.42	4.63	4.84	5.05	5.26	5.48	5.70	5.93	6.16	6.39	6.62	6.86	7.10	7.35	7.59	7.84	8.10	8.36	8.62	8.88	9.15	9.42	9.69	9.97	10.25	10.53	10.82	11.11	11.41	11.70	12.00	12.31	12.61	12.92	13.24	13.55	13.87	14.20	14.53	14.86	15.19	15.53	15.87	16.21	16.56	16.91	17.26	17.62	17.98	18.34	18.71	19.08	19.45	19.83	20.21	20.59	20.98	21.37	21.76	22.16	22.56	22.96	23.37	23.78	24.19	24.61	25.03	25.45	25.88	26.31	26.74	27.18	27.62	28.06	28.51	28.96	29.41	29.87	30.33	30.79	31.26	
y_ei = 	0.00	0.59	0.95	1.21	1.43	1.63	1.82	1.99	2.17	2.35	2.52	2.70	2.88	3.07	3.25	3.44	3.63	3.82	4.02	4.22	4.42	4.63	4.84	5.05	5.26	5.48	5.70	5.93	6.16	6.39	6.62	6.86	7.10	7.35	7.59	7.84	8.10	8.36	8.62	8.88	9.15	9.42	9.69	9.97	10.25	10.53	10.82	11.11	11.41	11.70	12.00	12.31	12.61	12.92	13.24	13.55	13.88	14.20	14.53	14.86	15.19	15.53	15.87	16.21	16.56	16.91	17.26	17.62	17.98	18.34	18.71	19.08	19.45	19.83	20.21	20.59	20.98	21.37	21.76	22.16	22.56	22.96	23.37	23.78	24.19	24.61	25.03	25.45	25.88	26.31	26.74	27.18	27.62	28.06	28.51	28.96	29.41	29.87	30.33	30.79	31.26	
y_rk = 	0.00	0.50	0.88	1.17	1.42	1.64	1.85	2.04	2.23	2.41	2.59	2.77	2.96	3.14	3.32	3.51	3.70	3.89	4.09	4.29	4.49	4.69	4.90	5.11	5.32	5.53	5.75	5.98	6.20	6.43	6.66	6.90	7.14	7.38	7.62	7.87	8.12	8.38	8.64	8.90	9.16	9.43	9.71	9.98	10.26	10.54	10.83	11.11	11.41	11.70	12.00	12.30	12.61	12.91	13.23	13.54	13.86	14.18	14.51	14.83	15.17	15.50	15.84	16.18	16.53	16.87	17.23	17.58	17.94	18.30	18.67	19.03	19.41	19.78	20.16	20.54	20.93	21.31	21.71	22.10	22.50	22.90	23.31	23.71	24.13	24.54	24.96	25.38	25.81	26.23	26.67	27.10	27.54	27.98	28.43	28.87	29.33	29.78	30.24	30.70	31.17	

h = 0.01
x =     1.00	1.01	1.02	1.03	1.04	1.05	1.06	1.07	1.08	1.09	1.10	1.11	1.12	1.13	1.14	1.15	1.16	1.17	1.18	1.19	1.20	1.21	1.22	1.23	1.24	1.25	1.26	1.27	1.28	1.29	1.30	1.31	1.32	1.33	1.34	1.35	1.36	1.37	1.38	1.39	1.40	1.41	1.42	1.43	1.44	1.45	1.46	1.47	1.48	1.49	1.50	1.51	1.52	1.53	1.54	1.55	1.56	1.57	1.58	1.59	1.60	1.61	1.62	1.63	1.64	1.65	1.66	1.67	1.68	1.69	1.70	1.71	1.72	1.73	1.74	1.75	1.76	1.77	1.78	1.79	1.80	1.81	1.82	1.83	1.84	1.85	1.86	1.87	1.88	1.89	1.90	1.91	1.92	1.93	1.94	1.95	1.96	1.97	1.98	1.99	2.00	2.01	2.02	2.03	2.04	2.05	2.06	2.07	2.08	2.09	2.10	2.11	2.12	2.13	2.14	2.15	2.16	2.17	2.18	2.19	2.20	2.21	2.22	2.23	2.24	2.25	2.26	2.27	2.28	2.29	2.30	2.31	2.32	2.33	2.34	2.35	2.36	2.37	2.38	2.39	2.40	2.41	2.42	2.43	2.44	2.45	2.46	2.47	2.48	2.49	2.50	2.51	2.52	2.53	2.54	2.55	2.56	2.57	2.58	2.59	2.60	2.61	2.62	2.63	2.64	2.65	2.66	2.67	2.68	2.69	2.70	2.71	2.72	2.73	2.74	2.75	2.76	2.77	2.78	2.79	2.80	2.81	2.82	2.83	2.84	2.85	2.86	2.87	2.88	2.89	2.90	2.91	2.92	2.93	2.94	2.95	2.96	2.97	2.98	2.99	3.00	3.01	3.02	3.03	3.04	3.05	3.06	3.07	3.08	3.09	3.10	3.11	3.12	3.13	3.14	3.15	3.16	3.17	3.18	3.19	3.20	3.21	3.22	3.23	3.24	3.25	3.26	3.27	3.28	3.29	3.30	3.31	3.32	3.33	3.34	3.35	3.36	3.37	3.38	3.39	3.40	3.41	3.42	3.43	3.44	3.45	3.46	3.47	3.48	3.49	3.50	3.51	3.52	3.53	3.54	3.55	3.56	3.57	3.58	3.59	3.60	3.61	3.62	3.63	3.64	3.65	3.66	3.67	3.68	3.69	3.70	3.71	3.72	3.73	3.74	3.75	3.76	3.77	3.78	3.79	3.80	3.81	3.82	3.83	3.84	3.85	3.86	3.87	3.88	3.89	3.90	3.91	3.92	3.93	3.94	3.95	3.96	3.97	3.98	3.99	4.00	4.01	4.02	4.03	4.04	4.05	4.06	4.07	4.08	4.09	4.10	4.11	4.12	4.13	4.14	4.15	4.16	4.17	4.18	4.19	4.20	4.21	4.22	4.23	4.24	4.25	4.26	4.27	4.28	4.29	4.30	4.31	4.32	4.33	4.34	4.35	4.36	4.37	4.38	4.39	4.40	4.41	4.42	4.43	4.44	4.45	4.46	4.47	4.48	4.49	4.50	4.51	4.52	4.53	4.54	4.55	4.56	4.57	4.58	4.59	4.60	4.61	4.62	4.63	4.64	4.65	4.66	4.67	4.68	4.69	4.70	4.71	4.72	4.73	4.74	4.75	4.76	4.77	4.78	4.79	4.80	4.81	4.82	4.83	4.84	4.85	4.86	4.87	4.88	4.89	4.90	4.91	4.92	4.93	4.94	4.95	4.96	4.97	4.98	4.99	5.00	5.01	5.02	5.03	5.04	5.05	5.06	5.07	5.08	5.09	5.10	5.11	5.12	5.13	5.14	5.15	5.16	5.17	5.18	5.19	5.20	5.21	5.22	5.23	5.24	5.25	5.26	5.27	5.28	5.29	5.30	5.31	5.32	5.33	5.34	5.35	5.36	5.37	5.38	5.39	5.40	5.41	5.42	5.43	5.44	5.45	5.46	5.47	5.48	5.49	5.50	5.51	5.52	5.53	5.54	5.55	5.56	5.57	5.58	5.59	5.60	5.61	5.62	5.63	5.64	5.65	5.66	5.67	5.68	5.69	5.70	5.71	5.72	5.73	5.74	5.75	5.76	5.77	5.78	5.79	5.80	5.81	5.82	5.83	5.84	5.85	5.86	5.87	5.88	5.89	5.90	5.91	5.92	5.93	5.94	5.95	5.96	5.97	5.98	5.99	6.00	6.01	6.02	6.03	6.04	6.05	6.06	6.07	6.08	6.09	6.10	6.11	6.12	6.13	6.14	6.15	6.16	6.17	6.18	6.19	6.20	6.21	6.22	6.23	6.24	6.25	6.26	6.27	6.28	6.29	6.30	6.31	6.32	6.33	6.34	6.35	6.36	6.37	6.38	6.39	6.40	6.41	6.42	6.43	6.44	6.45	6.46	6.47	6.48	6.49	6.50	6.51	6.52	6.53	6.54	6.55	6.56	6.57	6.58	6.59	6.60	6.61	6.62	6.63	6.64	6.65	6.66	6.67	6.68	6.69	6.70	6.71	6.72	6.73	6.74	6.75	6.76	6.77	6.78	6.79	6.80	6.81	6.82	6.83	6.84	6.85	6.86	6.87	6.88	6.89	6.90	6.91	6.92	6.93	6.94	6.95	6.96	6.97	6.98	6.99	7.00	7.01	7.02	7.03	7.04	7.05	7.06	7.07	7.08	7.09	7.10	7.11	7.12	7.13	7.14	7.15	7.16	7.17	7.18	7.19	7.20	7.21	7.22	7.23	7.24	7.25	7.26	7.27	7.28	7.29	7.30	7.31	7.32	7.33	7.34	7.35	7.36	7.37	7.38	7.39	7.40	7.41	7.42	7.43	7.44	7.45	7.46	7.47	7.48	7.49	7.50	7.51	7.52	7.53	7.54	7.55	7.56	7.57	7.58	7.59	7.60	7.61	7.62	7.63	7.64	7.65	7.66	7.67	7.68	7.69	7.70	7.71	7.72	7.73	7.74	7.75	7.76	7.77	7.78	7.79	7.80	7.81	7.82	7.83	7.84	7.85	7.86	7.87	7.88	7.89	7.90	7.91	7.92	7.93	7.94	7.95	7.96	7.97	7.98	7.99	8.00	8.01	8.02	8.03	8.04	8.05	8.06	8.07	8.08	8.09	8.10	8.11	8.12	8.13	8.14	8.15	8.16	8.17	8.18	8.19	8.20	8.21	8.22	8.23	8.24	8.25	8.26	8.27	8.28	8.29	8.30	8.31	8.32	8.33	8.34	8.35	8.36	8.37	8.38	8.39	8.40	8.41	8.42	8.43	8.44	8.45	8.46	8.47	8.48	8.49	8.50	8.51	8.52	8.53	8.54	8.55	8.56	8.57	8.58	8.59	8.60	8.61	8.62	8.63	8.64	8.65	8.66	8.67	8.68	8.69	8.70	8.71	8.72	8.73	8.74	8.75	8.76	8.77	8.78	8.79	8.80	8.81	8.82	8.83	8.84	8.85	8.86	8.87	8.88	8.89	8.90	8.91	8.92	8.93	8.94	8.95	8.96	8.97	8.98	8.99	9.00	9.01	9.02	9.03	9.04	9.05	9.06	9.07	9.08	9.09	9.10	9.11	9.12	9.13	9.14	9.15	9.16	9.17	9.18	9.19	9.20	9.21	9.22	9.23	9.24	9.25	9.26	9.27	9.28	9.29	9.30	9.31	9.32	9.33	9.34	9.35	9.36	9.37	9.38	9.39	9.40	9.41	9.42	9.43	9.44	9.45	9.46	9.47	9.48	9.49	9.50	9.51	9.52	9.53	9.54	9.55	9.56	9.57	9.58	9.59	9.60	9.61	9.62	9.63	9.64	9.65	9.66	9.67	9.68	9.69	9.70	9.71	9.72	9.73	9.74	9.75	9.76	9.77	9.78	9.79	9.80	9.81	9.82	9.83	9.84	9.85	9.86	9.87	9.88	9.89	9.90	9.91	9.92	9.93	9.94	9.95	9.96	9.97	9.98	9.99	10.00	10.01	10.02	10.03	10.04	10.05	10.06	10.07	10.08	10.09	10.10	10.11	10.12	10.13	10.14	10.15	10.16	10.17	10.18	10.19	10.20	10.21	10.22	10.23	10.24	10.25	10.26	10.27	10.28	10.29	10.30	10.31	10.32	10.33	10.34	10.35	10.36	10.37	10.38	10.39	10.40	10.41	10.42	10.43	10.44	10.45	10.46	10.47	10.48	10.49	10.50	10.51	10.52	10.53	10.54	10.55	10.56	10.57	10.58	10.59	10.60	10.61	10.62	10.63	10.64	10.65	10.66	10.67	10.68	10.69	10.70	10.71	10.72	10.73	10.74	10.75	10.76	10.77	10.78	10.79	10.80	10.81	10.82	10.83	10.84	10.85	10.86	10.87	10.88	10.89	10.90	10.91	10.92	10.93	10.94	10.95	10.96	10.97	10.98	10.99	11.00	
y_e = 	0.00	0.06	0.12	0.17	0.23	0.28	0.33	0.38	0.42	0.47	0.51	0.55	0.60	0.64	0.67	0.71	0.75	0.78	0.82	0.85	0.89	0.92	0.95	0.98	1.01	1.04	1.07	1.10	1.13	1.16	1.18	1.21	1.24	1.26	1.29	1.31	1.34	1.36	1.38	1.41	1.43	1.45	1.48	1.50	1.52	1.54	1.57	1.59	1.61	1.63	1.65	1.67	1.69	1.71	1.73	1.76	1.78	1.80	1.82	1.84	1.85	1.87	1.89	1.91	1.93	1.95	1.97	1.99	2.01	2.03	2.05	2.07	2.08	2.10	2.12	2.14	2.16	2.18	2.20	2.21	2.23	2.25	2.27	2.29	2.31	2.32	2.34	2.36	2.38	2.40	2.42	2.43	2.45	2.47	2.49	2.51	2.52	2.54	2.56	2.58	2.60	2.61	2.63	2.65	2.67	2.69	2.71	2.72	2.74	2.76	2.78	2.80	2.81	2.83	2.85	2.87	2.89	2.90	2.92	2.94	2.96	2.98	3.00	3.01	3.03	3.05	3.07	3.09	3.10	3.12	3.14	3.16	3.18	3.20	3.22	3.23	3.25	3.27	3.29	3.31	3.33	3.34	3.36	3.38	3.40	3.42	3.44	3.46	3.48	3.49	3.51	3.53	3.55	3.57	3.59	3.61	3.63	3.64	3.66	3.68	3.70	3.72	3.74	3.76	3.78	3.80	3.82	3.84	3.85	3.87	3.89	3.91	3.93	3.95	3.97	3.99	4.01	4.03	4.05	4.07	4.09	4.11	4.13	4.15	4.17	4.19	4.21	4.23	4.25	4.27	4.29	4.31	4.33	4.35	4.37	4.39	4.41	4.43	4.45	4.47	4.49	4.51	4.53	4.55	4.57	4.59	4.61	4.63	4.65	4.67	4.69	4.71	4.73	4.75	4.77	4.79	4.81	4.83	4.85	4.87	4.90	4.92	4.94	4.96	4.98	5.00	5.02	5.04	5.06	5.08	5.10	5.13	5.15	5.17	5.19	5.21	5.23	5.25	5.27	5.30	5.32	5.34	5.36	5.38	5.40	5.42	5.45	5.47	5.49	5.51	5.53	5.56	5.58	5.60	5.62	5.64	5.66	5.69	5.71	5.73	5.75	5.77	5.80	5.82	5.84	5.86	5.89	5.91	5.93	5.95	5.97	6.00	6.02	6.04	6.06	6.09	6.11	6.13	6.15	6.18	6.20	6.22	6.25	6.27	6.29	6.31	6.34	6.36	6.38	6.41	6.43	6.45	6.48	6.50	6.52	6.54	6.57	6.59	6.61	6.64	6.66	6.68	6.71	6.73	6.75	6.78	6.80	6.83	6.85	6.87	6.90	6.92	6.94	6.97	6.99	7.02	7.04	7.06	7.09	7.11	7.14	7.16	7.18	7.21	7.23	7.26	7.28	7.30	7.33	7.35	7.38	7.40	7.43	7.45	7.47	7.50	7.52	7.55	7.57	7.60	7.62	7.65	7.67	7.70	7.72	7.75	7.77	7.80	7.82	7.85	7.87	7.90	7.92	7.95	7.97	8.00	8.02	8.05	8.07	8.10	8.12	8.15	8.17	8.20	8.22	8.25	8.28	8.30	8.33	8.35	8.38	8.40	8.43	8.46	8.48	8.51	8.53	8.56	8.58	8.61	8.64	8.66	8.69	8.71	8.74	8.77	8.79	8.82	8.85	8.87	8.90	8.92	8.95	8.98	9.00	9.03	9.06	9.08	9.11	9.14	9.16	9.19	9.22	9.24	9.27	9.30	9.32	9.35	9.38	9.40	9.43	9.46	9.49	9.51	9.54	9.57	9.59	9.62	9.65	9.68	9.70	9.73	9.76	9.79	9.81	9.84	9.87	9.90	9.92	9.95	9.98	10.01	10.03	10.06	10.09	10.12	10.15	10.17	10.20	10.23	10.26	10.28	10.31	10.34	10.37	10.40	10.43	10.45	10.48	10.51	10.54	10.57	10.60	10.62	10.65	10.68	10.71	10.74	10.77	10.80	10.82	10.85	10.88	10.91	10.94	10.97	11.00	11.03	11.05	11.08	11.11	11.14	11.17	11.20	11.23	11.26	11.29	11.32	11.35	11.37	11.40	11.43	11.46	11.49	11.52	11.55	11.58	11.61	11.64	11.67	11.70	11.73	11.76	11.79	11.82	11.85	11.88	11.91	11.94	11.97	12.00	12.03	12.06	12.09	12.12	12.15	12.18	12.21	12.24	12.27	12.30	12.33	12.36	12.39	12.42	12.45	12.48	12.51	12.54	12.57	12.60	12.63	12.67	12.70	12.73	12.76	12.79	12.82	12.85	12.88	12.91	12.94	12.97	13.01	13.04	13.07	13.10	13.13	13.16	13.19	13.22	13.26	13.29	13.32	13.35	13.38	13.41	13.44	13.48	13.51	13.54	13.57	13.60	13.63	13.67	13.70	13.73	13.76	13.79	13.83	13.86	13.89	13.92	13.95	13.99	14.02	14.05	14.08	14.11	14.15	14.18	14.21	14.24	14.28	14.31	14.34	14.37	14.41	14.44	14.47	14.50	14.54	14.57	14.60	14.63	14.67	14.70	14.73	14.77	14.80	14.83	14.87	14.90	14.93	14.96	15.00	15.03	15.06	15.10	15.13	15.16	15.20	15.23	15.26	15.30	15.33	15.36	15.40	15.43	15.47	15.50	15.53	15.57	15.60	15.63	15.67	15.70	15.74	15.77	15.80	15.84	15.87	15.91	15.94	15.97	16.01	16.04	16.08	16.11	16.14	16.18	16.21	16.25	16.28	16.32	16.35	16.39	16.42	16.45	16.49	16.52	16.56	16.59	16.63	16.66	16.70	16.73	16.77	16.80	16.84	16.87	16.91	16.94	16.98	17.01	17.05	17.08	17.12	17.15	17.19	17.22	17.26	17.29	17.33	17.37	17.40	17.44	17.47	17.51	17.54	17.58	17.61	17.65	17.69	17.72	17.76	17.79	17.83	17.87	17.90	17.94	17.97	18.01	18.05	18.08	18.12	18.15	18.19	18.23	18.26	18.30	18.34	18.37	18.41	18.44	18.48	18.52	18.55	18.59	18.63	18.66	18.70	18.74	18.77	18.81	18.85	18.88	18.92	18.96	19.00	19.03	19.07	19.11	19.14	19.18	19.22	19.25	19.29	19.33	19.37	19.40	19.44	19.48	19.52	19.55	19.59	19.63	19.67	19.70	19.74	19.78	19.82	19.85	19.89	19.93	19.97	20.01	20.04	20.08	20.12	20.16	20.20	20.23	20.27	20.31	20.35	20.39	20.42	20.46	20.50	20.54	20.58	20.62	20.65	20.69	20.73	20.77	20.81	20.85	20.88	20.92	20.96	21.00	21.04	21.08	21.12	21.16	21.20	21.23	21.27	21.31	21.35	21.39	21.43	21.47	21.51	21.55	21.59	21.62	21.66	21.70	21.74	21.78	21.82	21.86	21.90	21.94	21.98	22.02	22.06	22.10	22.14	22.18	22.22	22.26	22.30	22.34	22.38	22.42	22.46	22.50	22.54	22.58	22.62	22.66	22.70	22.74	22.78	22.82	22.86	22.90	22.94	22.98	23.02	23.06	23.10	23.14	23.18	23.22	23.26	23.30	23.34	23.38	23.43	23.47	23.51	23.55	23.59	23.63	23.67	23.71	23.75	23.79	23.83	23.88	23.92	23.96	24.00	24.04	24.08	24.12	24.16	24.21	24.25	24.29	24.33	24.37	24.41	24.46	24.50	24.54	24.58	24.62	24.66	24.71	24.75	24.79	24.83	24.87	24.91	24.96	25.00	25.04	25.08	25.12	25.17	25.21	25.25	25.29	25.34	25.38	25.42	25.46	25.51	25.55	25.59	25.63	25.68	25.72	25.76	25.80	25.85	25.89	25.93	25.97	26.02	26.06	26.10	26.15	26.19	26.23	26.27	26.32	26.36	26.40	26.45	26.49	26.53	26.58	26.62	26.66	26.71	26.75	26.79	26.84	26.88	26.92	26.97	27.01	27.05	27.10	27.14	27.19	27.23	27.27	27.32	27.36	27.40	27.45	27.49	27.54	27.58	27.62	27.67	27.71	27.76	27.80	27.85	27.89	27.93	27.98	28.02	28.07	28.11	28.16	28.20	28.24	28.29	28.33	28.38	28.42	28.47	28.51	28.56	28.60	28.65	28.69	28.74	28.78	28.83	28.87	28.92	28.96	29.01	29.05	29.10	29.14	29.19	29.23	29.28	29.32	29.37	29.41	29.46	29.50	29.55	29.60	29.64	29.69	29.73	29.78	29.82	29.87	29.92	29.96	30.01	30.05	30.10	30.14	30.19	30.24	30.28	30.33	30.37	30.42	30.47	30.51	30.56	30.61	30.65	30.70	30.74	30.79	30.84	30.88	30.93	30.98	31.02	31.07	31.12	31.16	
y_em = 	0.00	0.06	0.12	0.17	0.23	0.28	0.33	0.38	0.42	0.47	0.51	0.55	0.59	0.63	0.67	0.71	0.74	0.78	0.82	0.85	0.88	0.91	0.95	0.98	1.01	1.04	1.06	1.09	1.12	1.15	1.18	1.20	1.23	1.25	1.28	1.30	1.33	1.35	1.38	1.40	1.42	1.45	1.47	1.49	1.51	1.54	1.56	1.58	1.60	1.62	1.64	1.66	1.68	1.70	1.72	1.75	1.77	1.79	1.81	1.83	1.84	1.86	1.88	1.90	1.92	1.94	1.96	1.98	2.00	2.02	2.04	2.06	2.07	2.09	2.11	2.13	2.15	2.17	2.19	2.20	2.22	2.24	2.26	2.28	2.30	2.31	2.33	2.35	2.37	2.39	2.41	2.42	2.44	2.46	2.48	2.50	2.51	2.53	2.55	2.57	2.59	2.60	2.62	2.64	2.66	2.68	2.70	2.71	2.73	2.75	2.77	2.79	2.80	2.82	2.84	2.86	2.88	2.89	2.91	2.93	2.95	2.97	2.99	3.00	3.02	3.04	3.06	3.08	3.10	3.11	3.13	3.15	3.17	3.19	3.21	3.22	3.24	3.26	3.28	3.30	3.32	3.34	3.35	3.37	3.39	3.41	3.43	3.45	3.47	3.49	3.50	3.52	3.54	3.56	3.58	3.60	3.62	3.64	3.66	3.67	3.69	3.71	3.73	3.75	3.77	3.79	3.81	3.83	3.85	3.87	3.89	3.91	3.92	3.94	3.96	3.98	4.00	4.02	4.04	4.06	4.08	4.10	4.12	4.14	4.16	4.18	4.20	4.22	4.24	4.26	4.28	4.30	4.32	4.34	4.36	4.38	4.40	4.42	4.44	4.46	4.48	4.50	4.52	4.54	4.56	4.58	4.60	4.62	4.64	4.66	4.68	4.70	4.72	4.74	4.77	4.79	4.81	4.83	4.85	4.87	4.89	4.91	4.93	4.95	4.97	4.99	5.01	5.04	5.06	5.08	5.10	5.12	5.14	5.16	5.18	5.21	5.23	5.25	5.27	5.29	5.31	5.33	5.36	5.38	5.40	5.42	5.44	5.46	5.49	5.51	5.53	5.55	5.57	5.59	5.62	5.64	5.66	5.68	5.70	5.73	5.75	5.77	5.79	5.81	5.84	5.86	5.88	5.90	5.93	5.95	5.97	5.99	6.02	6.04	6.06	6.08	6.11	6.13	6.15	6.17	6.20	6.22	6.24	6.26	6.29	6.31	6.33	6.36	6.38	6.40	6.43	6.45	6.47	6.49	6.52	6.54	6.56	6.59	6.61	6.63	6.66	6.68	6.70	6.73	6.75	6.78	6.80	6.82	6.85	6.87	6.89	6.92	6.94	6.97	6.99	7.01	7.04	7.06	7.08	7.11	7.13	7.16	7.18	7.20	7.23	7.25	7.28	7.30	7.33	7.35	7.37	7.40	7.42	7.45	7.47	7.50	7.52	7.55	7.57	7.60	7.62	7.65	7.67	7.69	7.72	7.74	7.77	7.79	7.82	7.84	7.87	7.89	7.92	7.94	7.97	7.99	8.02	8.05	8.07	8.10	8.12	8.15	8.17	8.20	8.22	8.25	8.27	8.30	8.33	8.35	8.38	8.40	8.43	8.45	8.48	8.51	8.53	8.56	8.58	8.61	8.64	8.66	8.69	8.71	8.74	8.77	8.79	8.82	8.84	8.87	8.90	8.92	8.95	8.98	9.00	9.03	9.06	9.08	9.11	9.14	9.16	9.19	9.22	9.24	9.27	9.30	9.32	9.35	9.38	9.40	9.43	9.46	9.49	9.51	9.54	9.57	9.59	9.62	9.65	9.68	9.70	9.73	9.76	9.79	9.81	9.84	9.87	9.90	9.92	9.95	9.98	10.01	10.03	10.06	10.09	10.12	10.15	10.17	10.20	10.23	10.26	10.29	10.31	10.34	10.37	10.40	10.43	10.45	10.48	10.51	10.54	10.57	10.60	10.62	10.65	10.68	10.71	10.74	10.77	10.80	10.83	10.85	10.88	10.91	10.94	10.97	11.00	11.03	11.06	11.08	11.11	11.14	11.17	11.20	11.23	11.26	11.29	11.32	11.35	11.38	11.41	11.43	11.46	11.49	11.52	11.55	11.58	11.61	11.64	11.67	11.70	11.73	11.76	11.79	11.82	11.85	11.88	11.91	11.94	11.97	12.00	12.03	12.06	12.09	12.12	12.15	12.18	12.21	12.24	12.27	12.30	12.33	12.36	12.39	12.42	12.45	12.48	12.51	12.55	12.58	12.61	12.64	12.67	12.70	12.73	12.76	12.79	12.82	12.85	12.88	12.92	12.95	12.98	13.01	13.04	13.07	13.10	13.13	13.16	13.20	13.23	13.26	13.29	13.32	13.35	13.38	13.42	13.45	13.48	13.51	13.54	13.57	13.61	13.64	13.67	13.70	13.73	13.76	13.80	13.83	13.86	13.89	13.93	13.96	13.99	14.02	14.05	14.09	14.12	14.15	14.18	14.22	14.25	14.28	14.31	14.34	14.38	14.41	14.44	14.48	14.51	14.54	14.57	14.61	14.64	14.67	14.70	14.74	14.77	14.80	14.84	14.87	14.90	14.94	14.97	15.00	15.04	15.07	15.10	15.14	15.17	15.20	15.24	15.27	15.30	15.34	15.37	15.40	15.44	15.47	15.50	15.54	15.57	15.60	15.64	15.67	15.71	15.74	15.77	15.81	15.84	15.88	15.91	15.94	15.98	16.01	16.05	16.08	16.12	16.15	16.18	16.22	16.25	16.29	16.32	16.36	16.39	16.43	16.46	16.49	16.53	16.56	16.60	16.63	16.67	16.70	16.74	16.77	16.81	16.84	16.88	16.91	16.95	16.98	17.02	17.05	17.09	17.12	17.16	17.19	17.23	17.27	17.30	17.34	17.37	17.41	17.44	17.48	17.51	17.55	17.58	17.62	17.66	17.69	17.73	17.76	17.80	17.84	17.87	17.91	17.94	17.98	18.02	18.05	18.09	18.12	18.16	18.20	18.23	18.27	18.31	18.34	18.38	18.41	18.45	18.49	18.52	18.56	18.60	18.63	18.67	18.71	18.74	18.78	18.82	18.85	18.89	18.93	18.96	19.00	19.04	19.08	19.11	19.15	19.19	19.22	19.26	19.30	19.34	19.37	19.41	19.45	19.49	19.52	19.56	19.60	19.64	19.67	19.71	19.75	19.79	19.82	19.86	19.90	19.94	19.97	20.01	20.05	20.09	20.13	20.16	20.20	20.24	20.28	20.32	20.35	20.39	20.43	20.47	20.51	20.55	20.58	20.62	20.66	20.70	20.74	20.78	20.82	20.85	20.89	20.93	20.97	21.01	21.05	21.09	21.13	21.16	21.20	21.24	21.28	21.32	21.36	21.40	21.44	21.48	21.52	21.55	21.59	21.63	21.67	21.71	21.75	21.79	21.83	21.87	21.91	21.95	21.99	22.03	22.07	22.11	22.15	22.19	22.23	22.27	22.31	22.35	22.39	22.43	22.47	22.51	22.55	22.59	22.63	22.67	22.71	22.75	22.79	22.83	22.87	22.91	22.95	22.99	23.03	23.07	23.11	23.15	23.19	23.23	23.27	23.31	23.35	23.39	23.43	23.48	23.52	23.56	23.60	23.64	23.68	23.72	23.76	23.80	23.84	23.89	23.93	23.97	24.01	24.05	24.09	24.13	24.17	24.22	24.26	24.30	24.34	24.38	24.42	24.46	24.51	24.55	24.59	24.63	24.67	24.72	24.76	24.80	24.84	24.88	24.92	24.97	25.01	25.05	25.09	25.13	25.18	25.22	25.26	25.30	25.35	25.39	25.43	25.47	25.52	25.56	25.60	25.64	25.69	25.73	25.77	25.81	25.86	25.90	25.94	25.98	26.03	26.07	26.11	26.16	26.20	26.24	26.29	26.33	26.37	26.41	26.46	26.50	26.54	26.59	26.63	26.67	26.72	26.76	26.80	26.85	26.89	26.93	26.98	27.02	27.07	27.11	27.15	27.20	27.24	27.28	27.33	27.37	27.42	27.46	27.50	27.55	27.59	27.64	27.68	27.72	27.77	27.81	27.86	27.90	27.95	27.99	28.03	28.08	28.12	28.17	28.21	28.26	28.30	28.35	28.39	28.43	28.48	28.52	28.57	28.61	28.66	28.70	28.75	28.79	28.84	28.88	28.93	28.97	29.02	29.06	29.11	29.15	29.20	29.24	29.29	29.33	29.38	29.43	29.47	29.52	29.56	29.61	29.65	29.70	29.74	29.79	29.84	29.88	29.93	29.97	30.02	30.06	30.11	30.16	30.20	30.25	30.29	30.34	30.39	30.43	30.48	30.53	30.57	30.62	30.66	30.71	30.76	30.80	30.85	30.90	30.94	30.99	31.04	31.08	31.13	31.18	
y_ei = 	0.00	0.06	0.12	0.17	0.23	0.28	0.33	0.38	0.42	0.47	0.51	0.55	0.59	0.63	0.67	0.71	0.74	0.78	0.82	0.85	0.88	0.91	0.95	0.98	1.01	1.04	1.06	1.09	1.12	1.15	1.18	1.20	1.23	1.25	1.28	1.30	1.33	1.35	1.38	1.40	1.42	1.45	1.47	1.49	1.51	1.54	1.56	1.58	1.60	1.62	1.64	1.66	1.68	1.70	1.73	1.75	1.77	1.79	1.81	1.83	1.84	1.86	1.88	1.90	1.92	1.94	1.96	1.98	2.00	2.02	2.04	2.06	2.07	2.09	2.11	2.13	2.15	2.17	2.19	2.20	2.22	2.24	2.26	2.28	2.30	2.31	2.33	2.35	2.37	2.39	2.41	2.42	2.44	2.46	2.48	2.50	2.51	2.53	2.55	2.57	2.59	2.60	2.62	2.64	2.66	2.68	2.70	2.71	2.73	2.75	2.77	2.79	2.80	2.82	2.84	2.86	2.88	2.89	2.91	2.93	2.95	2.97	2.99	3.00	3.02	3.04	3.06	3.08	3.10	3.11	3.13	3.15	3.17	3.19	3.21	3.22	3.24	3.26	3.28	3.30	3.32	3.34	3.35	3.37	3.39	3.41	3.43	3.45	3.47	3.49	3.50	3.52	3.54	3.56	3.58	3.60	3.62	3.64	3.66	3.67	3.69	3.71	3.73	3.75	3.77	3.79	3.81	3.83	3.85	3.87	3.89	3.91	3.92	3.94	3.96	3.98	4.00	4.02	4.04	4.06	4.08	4.10	4.12	4.14	4.16	4.18	4.20	4.22	4.24	4.26	4.28	4.30	4.32	4.34	4.36	4.38	4.40	4.42	4.44	4.46	4.48	4.50	4.52	4.54	4.56	4.58	4.60	4.62	4.64	4.66	4.68	4.70	4.72	4.74	4.77	4.79	4.81	4.83	4.85	4.87	4.89	4.91	4.93	4.95	4.97	4.99	5.01	5.04	5.06	5.08	5.10	5.12	5.14	5.16	5.18	5.21	5.23	5.25	5.27	5.29	5.31	5.33	5.36	5.38	5.40	5.42	5.44	5.46	5.49	5.51	5.53	5.55	5.57	5.59	5.62	5.64	5.66	5.68	5.70	5.73	5.75	5.77	5.79	5.81	5.84	5.86	5.88	5.90	5.93	5.95	5.97	5.99	6.02	6.04	6.06	6.08	6.11	6.13	6.15	6.17	6.20	6.22	6.24	6.26	6.29	6.31	6.33	6.36	6.38	6.40	6.43	6.45	6.47	6.49	6.52	6.54	6.56	6.59	6.61	6.63	6.66	6.68	6.70	6.73	6.75	6.78	6.80	6.82	6.85	6.87	6.89	6.92	6.94	6.97	6.99	7.01	7.04	7.06	7.08	7.11	7.13	7.16	7.18	7.20	7.23	7.25	7.28	7.30	7.33	7.35	7.37	7.40	7.42	7.45	7.47	7.50	7.52	7.55	7.57	7.60	7.62	7.65	7.67	7.69	7.72	7.74	7.77	7.79	7.82	7.84	7.87	7.89	7.92	7.94	7.97	7.99	8.02	8.05	8.07	8.10	8.12	8.15	8.17	8.20	8.22	8.25	8.27	8.30	8.33	8.35	8.38	8.40	8.43	8.45	8.48	8.51	8.53	8.56	8.58	8.61	8.64	8.66	8.69	8.71	8.74	8.77	8.79	8.82	8.84	8.87	8.90	8.92	8.95	8.98	9.00	9.03	9.06	9.08	9.11	9.14	9.16	9.19	9.22	9.24	9.27	9.30	9.32	9.35	9.38	9.40	9.43	9.46	9.49	9.51	9.54	9.57	9.59	9.62	9.65	9.68	9.70	9.73	9.76	9.79	9.81	9.84	9.87	9.90	9.92	9.95	9.98	10.01	10.03	10.06	10.09	10.12	10.15	10.17	10.20	10.23	10.26	10.29	10.31	10.34	10.37	10.40	10.43	10.45	10.48	10.51	10.54	10.57	10.60	10.62	10.65	10.68	10.71	10.74	10.77	10.80	10.83	10.85	10.88	10.91	10.94	10.97	11.00	11.03	11.06	11.08	11.11	11.14	11.17	11.20	11.23	11.26	11.29	11.32	11.35	11.38	11.41	11.43	11.46	11.49	11.52	11.55	11.58	11.61	11.64	11.67	11.70	11.73	11.76	11.79	11.82	11.85	11.88	11.91	11.94	11.97	12.00	12.03	12.06	12.09	12.12	12.15	12.18	12.21	12.24	12.27	12.30	12.33	12.36	12.39	12.42	12.45	12.48	12.51	12.55	12.58	12.61	12.64	12.67	12.70	12.73	12.76	12.79	12.82	12.85	12.88	12.92	12.95	12.98	13.01	13.04	13.07	13.10	13.13	13.16	13.20	13.23	13.26	13.29	13.32	13.35	13.38	13.42	13.45	13.48	13.51	13.54	13.57	13.61	13.64	13.67	13.70	13.73	13.76	13.80	13.83	13.86	13.89	13.93	13.96	13.99	14.02	14.05	14.09	14.12	14.15	14.18	14.22	14.25	14.28	14.31	14.34	14.38	14.41	14.44	14.48	14.51	14.54	14.57	14.61	14.64	14.67	14.70	14.74	14.77	14.80	14.84	14.87	14.90	14.94	14.97	15.00	15.04	15.07	15.10	15.14	15.17	15.20	15.24	15.27	15.30	15.34	15.37	15.40	15.44	15.47	15.50	15.54	15.57	15.60	15.64	15.67	15.71	15.74	15.77	15.81	15.84	15.88	15.91	15.94	15.98	16.01	16.05	16.08	16.12	16.15	16.18	16.22	16.25	16.29	16.32	16.36	16.39	16.43	16.46	16.49	16.53	16.56	16.60	16.63	16.67	16.70	16.74	16.77	16.81	16.84	16.88	16.91	16.95	16.98	17.02	17.05	17.09	17.12	17.16	17.19	17.23	17.27	17.30	17.34	17.37	17.41	17.44	17.48	17.51	17.55	17.58	17.62	17.66	17.69	17.73	17.76	17.80	17.84	17.87	17.91	17.94	17.98	18.02	18.05	18.09	18.12	18.16	18.20	18.23	18.27	18.31	18.34	18.38	18.41	18.45	18.49	18.52	18.56	18.60	18.63	18.67	18.71	18.74	18.78	18.82	18.85	18.89	18.93	18.96	19.00	19.04	19.08	19.11	19.15	19.19	19.22	19.26	19.30	19.34	19.37	19.41	19.45	19.49	19.52	19.56	19.60	19.64	19.67	19.71	19.75	19.79	19.82	19.86	19.90	19.94	19.97	20.01	20.05	20.09	20.13	20.16	20.20	20.24	20.28	20.32	20.36	20.39	20.43	20.47	20.51	20.55	20.58	20.62	20.66	20.70	20.74	20.78	20.82	20.85	20.89	20.93	20.97	21.01	21.05	21.09	21.13	21.16	21.20	21.24	21.28	21.32	21.36	21.40	21.44	21.48	21.52	21.55	21.59	21.63	21.67	21.71	21.75	21.79	21.83	21.87	21.91	21.95	21.99	22.03	22.07	22.11	22.15	22.19	22.23	22.27	22.31	22.35	22.39	22.43	22.47	22.51	22.55	22.59	22.63	22.67	22.71	22.75	22.79	22.83	22.87	22.91	22.95	22.99	23.03	23.07	23.11	23.15	23.19	23.23	23.27	23.31	23.35	23.39	23.43	23.48	23.52	23.56	23.60	23.64	23.68	23.72	23.76	23.80	23.84	23.89	23.93	23.97	24.01	24.05	24.09	24.13	24.17	24.22	24.26	24.30	24.34	24.38	24.42	24.46	24.51	24.55	24.59	24.63	24.67	24.72	24.76	24.80	24.84	24.88	24.92	24.97	25.01	25.05	25.09	25.13	25.18	25.22	25.26	25.30	25.35	25.39	25.43	25.47	25.52	25.56	25.60	25.64	25.69	25.73	25.77	25.81	25.86	25.90	25.94	25.98	26.03	26.07	26.11	26.16	26.20	26.24	26.29	26.33	26.37	26.41	26.46	26.50	26.54	26.59	26.63	26.67	26.72	26.76	26.80	26.85	26.89	26.93	26.98	27.02	27.07	27.11	27.15	27.20	27.24	27.28	27.33	27.37	27.42	27.46	27.50	27.55	27.59	27.64	27.68	27.72	27.77	27.81	27.86	27.90	27.95	27.99	28.03	28.08	28.12	28.17	28.21	28.26	28.30	28.35	28.39	28.43	28.48	28.52	28.57	28.61	28.66	28.70	28.75	28.79	28.84	28.88	28.93	28.97	29.02	29.06	29.11	29.15	29.20	29.24	29.29	29.33	29.38	29.43	29.47	29.52	29.56	29.61	29.65	29.70	29.74	29.79	29.84	29.88	29.93	29.97	30.02	30.06	30.11	30.16	30.20	30.25	30.29	30.34	30.39	30.43	30.48	30.53	30.57	30.62	30.66	30.71	30.76	30.80	30.85	30.90	30.94	30.99	31.04	31.08	31.13	31.18	
y_rk = 	0.00	0.06	0.12	0.17	0.22	0.27	0.32	0.37	0.42	0.46	0.50	0.55	0.59	0.63	0.67	0.70	0.74	0.78	0.81	0.84	0.88	0.91	0.94	0.97	1.00	1.03	1.06	1.09	1.12	1.15	1.17	1.20	1.23	1.25	1.28	1.30	1.33	1.35	1.38	1.40	1.42	1.45	1.47	1.49	1.51	1.54	1.56	1.58	1.60	1.62	1.64	1.67	1.69	1.71	1.73	1.75	1.77	1.79	1.81	1.83	1.85	1.87	1.89	1.91	1.93	1.95	1.97	1.98	2.00	2.02	2.04	2.06	2.08	2.10	2.12	2.14	2.15	2.17	2.19	2.21	2.23	2.25	2.27	2.28	2.30	2.32	2.34	2.36	2.38	2.39	2.41	2.43	2.45	2.47	2.48	2.50	2.52	2.54	2.56	2.58	2.59	2.61	2.63	2.65	2.67	2.68	2.70	2.72	2.74	2.76	2.78	2.79	2.81	2.83	2.85	2.87	2.88	2.90	2.92	2.94	2.96	2.98	2.99	3.01	3.03	3.05	3.07	3.08	3.10	3.12	3.14	3.16	3.18	3.20	3.21	3.23	3.25	3.27	3.29	3.31	3.32	3.34	3.36	3.38	3.40	3.42	3.44	3.46	3.47	3.49	3.51	3.53	3.55	3.57	3.59	3.61	3.63	3.64	3.66	3.68	3.70	3.72	3.74	3.76	3.78	3.80	3.82	3.84	3.85	3.87	3.89	3.91	3.93	3.95	3.97	3.99	4.01	4.03	4.05	4.07	4.09	4.11	4.13	4.15	4.17	4.19	4.21	4.23	4.25	4.27	4.29	4.31	4.33	4.34	4.36	4.39	4.41	4.43	4.45	4.47	4.49	4.51	4.53	4.55	4.57	4.59	4.61	4.63	4.65	4.67	4.69	4.71	4.73	4.75	4.77	4.79	4.81	4.83	4.85	4.87	4.90	4.92	4.94	4.96	4.98	5.00	5.02	5.04	5.06	5.08	5.11	5.13	5.15	5.17	5.19	5.21	5.23	5.25	5.28	5.30	5.32	5.34	5.36	5.38	5.40	5.43	5.45	5.47	5.49	5.51	5.53	5.56	5.58	5.60	5.62	5.64	5.67	5.69	5.71	5.73	5.75	5.78	5.80	5.82	5.84	5.86	5.89	5.91	5.93	5.95	5.98	6.00	6.02	6.04	6.07	6.09	6.11	6.13	6.16	6.18	6.20	6.22	6.25	6.27	6.29	6.32	6.34	6.36	6.38	6.41	6.43	6.45	6.48	6.50	6.52	6.55	6.57	6.59	6.62	6.64	6.66	6.69	6.71	6.73	6.76	6.78	6.80	6.83	6.85	6.87	6.90	6.92	6.95	6.97	6.99	7.02	7.04	7.06	7.09	7.11	7.14	7.16	7.18	7.21	7.23	7.26	7.28	7.31	7.33	7.35	7.38	7.40	7.43	7.45	7.48	7.50	7.53	7.55	7.57	7.60	7.62	7.65	7.67	7.70	7.72	7.75	7.77	7.80	7.82	7.85	7.87	7.90	7.92	7.95	7.97	8.00	8.02	8.05	8.07	8.10	8.12	8.15	8.17	8.20	8.23	8.25	8.28	8.30	8.33	8.35	8.38	8.40	8.43	8.46	8.48	8.51	8.53	8.56	8.59	8.61	8.64	8.66	8.69	8.72	8.74	8.77	8.79	8.82	8.85	8.87	8.90	8.93	8.95	8.98	9.01	9.03	9.06	9.08	9.11	9.14	9.16	9.19	9.22	9.24	9.27	9.30	9.33	9.35	9.38	9.41	9.43	9.46	9.49	9.51	9.54	9.57	9.60	9.62	9.65	9.68	9.71	9.73	9.76	9.79	9.81	9.84	9.87	9.90	9.92	9.95	9.98	10.01	10.04	10.06	10.09	10.12	10.15	10.17	10.20	10.23	10.26	10.29	10.31	10.34	10.37	10.40	10.43	10.46	10.48	10.51	10.54	10.57	10.60	10.63	10.65	10.68	10.71	10.74	10.77	10.80	10.83	10.85	10.88	10.91	10.94	10.97	11.00	11.03	11.06	11.08	11.11	11.14	11.17	11.20	11.23	11.26	11.29	11.32	11.35	11.38	11.41	11.43	11.46	11.49	11.52	11.55	11.58	11.61	11.64	11.67	11.70	11.73	11.76	11.79	11.82	11.85	11.88	11.91	11.94	11.97	12.00	12.03	12.06	12.09	12.12	12.15	12.18	12.21	12.24	12.27	12.30	12.33	12.36	12.39	12.42	12.45	12.48	12.51	12.54	12.58	12.61	12.64	12.67	12.70	12.73	12.76	12.79	12.82	12.85	12.88	12.91	12.95	12.98	13.01	13.04	13.07	13.10	13.13	13.16	13.19	13.23	13.26	13.29	13.32	13.35	13.38	13.41	13.45	13.48	13.51	13.54	13.57	13.60	13.64	13.67	13.70	13.73	13.76	13.80	13.83	13.86	13.89	13.92	13.96	13.99	14.02	14.05	14.08	14.12	14.15	14.18	14.21	14.25	14.28	14.31	14.34	14.38	14.41	14.44	14.47	14.51	14.54	14.57	14.60	14.64	14.67	14.70	14.74	14.77	14.80	14.83	14.87	14.90	14.93	14.97	15.00	15.03	15.07	15.10	15.13	15.17	15.20	15.23	15.27	15.30	15.33	15.37	15.40	15.43	15.47	15.50	15.53	15.57	15.60	15.64	15.67	15.70	15.74	15.77	15.81	15.84	15.87	15.91	15.94	15.98	16.01	16.04	16.08	16.11	16.15	16.18	16.22	16.25	16.28	16.32	16.35	16.39	16.42	16.46	16.49	16.53	16.56	16.60	16.63	16.67	16.70	16.73	16.77	16.80	16.84	16.87	16.91	16.94	16.98	17.01	17.05	17.09	17.12	17.16	17.19	17.23	17.26	17.30	17.33	17.37	17.40	17.44	17.47	17.51	17.55	17.58	17.62	17.65	17.69	17.72	17.76	17.80	17.83	17.87	17.90	17.94	17.98	18.01	18.05	18.08	18.12	18.16	18.19	18.23	18.27	18.30	18.34	18.37	18.41	18.45	18.48	18.52	18.56	18.59	18.63	18.67	18.70	18.74	18.78	18.81	18.85	18.89	18.92	18.96	19.00	19.03	19.07	19.11	19.15	19.18	19.22	19.26	19.29	19.33	19.37	19.41	19.44	19.48	19.52	19.56	19.59	19.63	19.67	19.71	19.74	19.78	19.82	19.86	19.89	19.93	19.97	20.01	20.05	20.08	20.12	20.16	20.20	20.24	20.27	20.31	20.35	20.39	20.43	20.46	20.50	20.54	20.58	20.62	20.66	20.70	20.73	20.77	20.81	20.85	20.89	20.93	20.97	21.00	21.04	21.08	21.12	21.16	21.20	21.24	21.28	21.31	21.35	21.39	21.43	21.47	21.51	21.55	21.59	21.63	21.67	21.71	21.75	21.79	21.82	21.86	21.90	21.94	21.98	22.02	22.06	22.10	22.14	22.18	22.22	22.26	22.30	22.34	22.38	22.42	22.46	22.50	22.54	22.58	22.62	22.66	22.70	22.74	22.78	22.82	22.86	22.90	22.94	22.98	23.02	23.06	23.10	23.14	23.18	23.23	23.27	23.31	23.35	23.39	23.43	23.47	23.51	23.55	23.59	23.63	23.67	23.71	23.76	23.80	23.84	23.88	23.92	23.96	24.00	24.04	24.09	24.13	24.17	24.21	24.25	24.29	24.33	24.38	24.42	24.46	24.50	24.54	24.58	24.62	24.67	24.71	24.75	24.79	24.83	24.88	24.92	24.96	25.00	25.04	25.09	25.13	25.17	25.21	25.25	25.30	25.34	25.38	25.42	25.47	25.51	25.55	25.59	25.64	25.68	25.72	25.76	25.81	25.85	25.89	25.93	25.98	26.02	26.06	26.11	26.15	26.19	26.23	26.28	26.32	26.36	26.41	26.45	26.49	26.54	26.58	26.62	26.67	26.71	26.75	26.80	26.84	26.88	26.93	26.97	27.01	27.06	27.10	27.15	27.19	27.23	27.28	27.32	27.36	27.41	27.45	27.50	27.54	27.58	27.63	27.67	27.72	27.76	27.80	27.85	27.89	27.94	27.98	28.03	28.07	28.11	28.16	28.20	28.25	28.29	28.34	28.38	28.43	28.47	28.52	28.56	28.61	28.65	28.70	28.74	28.78	28.83	28.87	28.92	28.96	29.01	29.06	29.10	29.15	29.19	29.24	29.28	29.33	29.37	29.42	29.46	29.51	29.55	29.60	29.64	29.69	29.74	29.78	29.83	29.87	29.92	29.96	30.01	30.06	30.10	30.15	30.19	30.24	30.29	30.33	30.38	30.42	30.47	30.52	30.56	30.61	30.66	30.70	30.75	30.79	30.84	30.89	30.93	30.98	31.03	31.07	31.12	31.17	

